./consensus 1000 000 1540590407
./consensus 1000 000 1540590408
./consensus 1000 000 1540590409
./consensus 1000 000 1540590400
./consensus 1000 000 1540590411
./consensus 1000 000 1540590412
./consensus 1000 000 1540590413
./consensus 1000 000 1540590414
./consensus 1000 000 1540590415
./consensus 1000 000 1540590416
./consensus 1000 100 1540590407
./consensus 1000 100 1540590408
./consensus 1000 100 1540590409
./consensus 1000 100 1540590400
./consensus 1000 100 1540590411
./consensus 1000 100 1540590412
./consensus 1000 100 1540590413
./consensus 1000 100 1540590414
./consensus 1000 100 1540590415
./consensus 1000 100 1540590416
./consensus 1000 500 1540590407
./consensus 1000 500 1540590408
./consensus 1000 500 1540590409
./consensus 1000 500 1540590400
./consensus 1000 500 1540590411
./consensus 1000 500 1540590412
./consensus 1000 500 1540590413
./consensus 1000 500 1540590414
./consensus 1000 500 1540590415
./consensus 1000 500 1540590416
./consensus 1000 900 1540590407
./consensus 1000 900 1540590408
./consensus 1000 900 1540590409
./consensus 1000 900 1540590400
./consensus 1000 900 1540590411
./consensus 1000 900 1540590412
./consensus 1000 900 1540590413
./consensus 1000 900 1540590414
./consensus 1000 900 1540590415
./consensus 1000 900 1540590416
./consensus 1000 1000 1540590407
./consensus 1000 1000 1540590408
./consensus 1000 1000 1540590409
./consensus 1000 1000 1540590400
./consensus 1000 1000 1540590411
./consensus 1000 1000 1540590412
./consensus 1000 1000 1540590413
./consensus 1000 1000 1540590414
./consensus 1000 1000 1540590415
./consensus 1000 1000 1540590416
